VITE_MY_ACCOUNT_ID=0.0.5173126
VITE_MY_PRIVATE_KEY=3030020100300706052b8104000a04220420f6f1c42277868d1a8560a067a2fc795f2365b2ab1af34af587f4591e233de37e
AUTH_CONTRACT_ADDRESS_TESTNET=0x278873527F6F3B789141FA842317224866e946eE
AUTH_CONTRACT_ID_TESTNET=0.0.5192447
VITE_MY_ADMIN_KEY=3030020100300706052b8104000a04220420f6f1c42277868d1a8560a067a2fc795f2365b2ab1af34af587f4591e233de37e
# Topics
VITE_INSTITUTION_TOPIC_ID=0.0.5203908
VITE_CREDENTIAL_TOPIC_ID=0.0.5203911

#app topic
VITE_APP_TOPIC_ID=0.0.5215047